numpy_cloud.shape: (1000, 6)

Starting angle Cubic Cloud Consensus
distance_threshold: 0.3
angle_threshold: 0.17453292519943295
cubus_length: 2
step: 0.15

Progress: 0.0 %
Progress: 10.0 %
Progress: 20.0 %
Progress: 30.0 %
Progress: 39.9 %
Progress: 49.9 %
Progress: 59.9 %
Progress: 69.9 %
Progress: 79.9 %
Progress: 89.9 %
Progress: 99.9 %

cloud_consensus Time: 0.060153521361174404
	Part 1: 2.71 %
	Part 2: 1.55 %
	Part 3: 95.38 %
	Part 4: 0.34 %

Overall Time - Consensus Time: 0.23556280136108398
Overall Time: 203.25371146202087

best_alignment: [0.8999999999999999, 1.05, 0.75]
best_consensus_count: 999
