numpy_cloud.shape: (1000, 6)

Starting angle Cubic Cloud Consensus
distance_threshold: 0.3
angle_threshold: 0.17453292519943295
cubus_length: 2
step: 0.15

Progress: 0.0 %
Progress: 10.0 %
Progress: 20.0 %
Progress: 30.0 %
Progress: 39.9 %
Progress: 49.9 %
Progress: 59.9 %
Progress: 69.9 %
Progress: 79.9 %
Progress: 89.9 %
Progress: 99.9 %

cloud_consensus Time: 0.07249136656301992
	Part 1: 2.59 %
	Part 2: 1.57 %
	Part 3: 95.47 %
	Part 4: 0.35 %

Overall Time - Consensus Time: 0.2376101016998291
Overall Time: 244.89598441123962

best_alignment: [-0.3, -0.44999999999999996, -0.6]
best_consensus_count: 1000
