numpy_cloud.shape: (1000, 6)

Starting combined Cubic Cloud Consensus
distance_threshold: 0.3
angle_threshold: 0.08726646259971647
cubus_length: 2
step: 0.15

Progress: 0.0 %
Progress: 10.0 %
Progress: 20.0 %
Progress: 30.0 %
Progress: 39.9 %
Progress: 49.9 %
Progress: 59.9 %
Progress: 69.9 %
Progress: 79.9 %
Progress: 89.9 %
Progress: 99.9 %

cloud_consensus Time: 0.0020119182445384838
	Part 1: 55.58 %
	Part 2: 0.01 %
	Part 3: 22.35 %
	Part 4: 21.42 %

Overall Time - Consensus Time: 0.13839435577392578
Overall Time: 6.9286298751831055

best_alignment: [0.3, -0.3, -0.44999999999999996]
best_consensus_count: 1000
Random Offset: [-0.2850489   0.26915779  0.42380433
