

### ALS16 <- DIM ##################################

    ### Color Houses ###

        # Alignment DIM Cloud (Reference: ALS16)
        [16:04:29] [PointPairRegistration] Final RMS: 0.110672
        0.999998450279 0.000471541367 0.001693102880 -0.041994094849
        -0.000467625097 0.999997198582 -0.002312731463 0.044445037842
        -0.001694188686 0.002311936114 0.999995887280 0.017503738403
        0.000000000000 0.000000000000 0.000000000000 1.000000000000


    ### DIM Showcase ###

        # DIM Cloud Alignment (Reference: ALS16)
        [16:39:55] [PointPairRegistration] Final RMS: 0.107081
        0.999999880791 0.000479368959 -0.000004278270 -0.003377914429
        -0.000479380571 0.999994337559 -0.003335960675 0.093841552734
        0.000002679090 0.003335962305 0.999994456768 -0.133575439453
        0.000000000000 0.000000000000 0.000000000000 1.000000000000


    ### Everything ###


        [15:54:56] [PointPairRegistration] Final RMS: 0.0953088
        0.999999523163 0.000409102911 -0.000875915168 0.057880401611
        -0.000408751133 0.999999821186 0.000401738769 0.046981811523
        0.000876079372 -0.000401380559 0.999999523163 -0.015285491943
        0.000000000000 0.000000000000 0.000000000000 1.000000000000


    ### Field ###

        # DIM Cloud Alignment (Reference: ALS16)
        [16:16:37] [PointPairRegistration] Final RMS: 0.139969
        0.999999344349 0.000000000000 -0.001126029179 0.002349853516
        0.000000000000 1.000000000000 0.000000000000 -0.057266235352
        0.001126029179 0.000000000000 0.999999344349 0.240567699075
        0.000000000000 0.000000000000 0.000000000000 1.000000000000


    ### Forest ###

        # DIM Cloud Alignment (Reference: ALS16)
        [16:16:37] [PointPairRegistration] Final RMS: 0.0000000
        1.000000000000 0.000000000000 0.000000000000 0.000000000000
        0.000000000000 1.000000000000 0.000000000000 0.000000000000
        0.000000000000 0.000000000000 1.000000000000 0.000000000000
        0.000000000000 0.000000000000 0.000000000000 1.000000000000


    ### Missing Building ###

        # DIM Cloud Alignment (Reference: ALS16)
        [16:09:15] [PointPairRegistration] Final RMS: 0.131601
        0.999999523163 0.000273903774 -0.000922226347 -0.001159667969
        -0.000273754500 0.999999940395 0.000161997668 0.030044555664
        0.000922270643 -0.000161745120 0.999999582767 0.017412185669
        0.000000000000 0.000000000000 0.000000000000 1.000000000000


    ### Road ###
    
        # DIM
        [16:27:57] [PointPairRegistration] Final RMS: 0.122388
        0.999997913837 -0.000199400150 0.002021925524 0.023117065430
        0.000200776762 0.999999761581 -0.000680662401 0.008197784424
        -0.002021789318 0.000681066944 0.999997735023 0.013129234314
        0.000000000000 0.000000000000 0.000000000000 1.000000000000


    ### Xy Tower ###

        # DIM
        [17:08:34] [PointPairRegistration] Final RMS: 0.116207
        0.999991357327 -0.004124882631 -0.000487024517 -0.827770233154
        0.004124553408 0.999991238117 -0.000675639079 0.162506103516
        0.000489807164 0.000673624512 0.999999642372 0.191293716431
        0.000000000000 0.000000000000 0.000000000000 1.000000000000


    ### Xyz Square ###

        # DIM
        [17:25:58] [PointPairRegistration] Final RMS: 0.0953
        1.000000000000 0.000199786533 0.000002527007 -0.005023956299
        -0.000199787144 0.999999940395 0.000244412979 0.001205444336
        -0.000002478177 -0.000244413473 0.999999940395 0.083156585693
        0.000000000000 0.000000000000 0.000000000000 1.000000000000


    ### Xy Hall ###

        # DIM
        [17:43:32] [PointPairRegistration] Final RMS: 0.110266
        0.999998569489 0.000341823295 0.001667652163 -0.077413558960
        -0.000336898578 0.999995589256 -0.002952467883 0.121776580811
        -0.001668653917 0.002951901639 0.999994277954 0.030170440674
        0.000000000000 0.000000000000 0.000000000000 1.000000000000


    ### Yz Houses ###

        # DIM
        [16:45:22] [PointPairRegistration] Final RMS: 0.252714
        0.999997019768 -0.000607363472 -0.002360010752 0.314620971680
        0.000608646660 0.999999642372 0.000543036731 -0.019294738770
        0.002359680133 -0.000544471492 0.999997079372 -0.035737037659
        0.000000000000 0.000000000000 0.000000000000 1.000000000000


    ### Yz Street ###

        # DIM
        [16:58:35] [PointPairRegistration] Final RMS: 0.0381034
        0.999997615814 0.000037364895 -0.002196594141 0.055110931396
        -0.000036499849 0.999999940395 0.000393852155 -0.004455566406
        0.002196608810 -0.000393771013 0.999997496605 -0.095468521118
        0.000000000000 0.000000000000 0.000000000000 1.000000000000
        

### ALS14 <- ALS16 ##################################

    ### Everything ###

        # ALS16 (ref ALS14)
        [17:08:12] [PointPairRegistration] Final RMS: 0.0655817
        0.999999761581 -0.000220267175 0.000645808002 -0.029170989990
        0.000220190967 0.999999940395 0.000118059470 -0.047935485840
        -0.000645834021 -0.000117917247 0.999999761581 0.053161621094
        0.000000000000 0.000000000000 0.000000000000 1.000000000000

        

    ### Missing Building ###

        # ALS16 (ref ALS14)
        [17:12:44] [PointPairRegistration] Final RMS: 0.0683994
        1.000000000000 0.000036757854 0.000083075473 0.002517700195
        -0.000036764162 1.000000000000 0.000075963500 -0.004714965820
        -0.000083072679 -0.000075966556 1.000000000000 0.001472473145
        0.000000000000 0.000000000000 0.000000000000 1.000000000000


### ALS14 <- DIM ##################################

    ### Everything ###

        # DIM Cloud Alignment (Reference: ALS2014)
        [16:48:59] [PointPairRegistration] Final RMS: 0.0862935
        0.999999880791 -0.000309507130 -0.000414343405 0.015129089355
        0.000310665753 0.999996006489 0.002799204318 -0.034282684326
        0.000413475384 -0.002799332608 0.999996006489 0.209009647369
        0.000000000000 0.000000000000 0.000000000000 1.000000000000

    ### Missing Building ###

        # DIM Cloud Alignment (Reference: ALS2014)
        [17:38:17] [PointPairRegistration] Final RMS: 0.282216
        0.999997198582 0.000179934665 -0.002372022020 -0.039558410645
        -0.000178984628 0.999999880791 0.000400727760 -0.025497436523
        0.002372093964 -0.000400302088 0.999997079372 0.008216857910
        0.000000000000 0.000000000000 0.000000000000 1.000000000000


### ALS16_Scan <- ALS16_Scan ##################################

    ### Everything ###

        # ALS16-Scan55 Alignment (Reference: ALS16-Scan54)
        [12:32:36] [PointPairRegistration] Final RMS: 0.0452853
        1.000000000000 -0.000083228959 -0.000003854889 0.005805969238
        0.000083228340 1.000000000000 -0.000159905612 -0.011207580566
        0.000003868198 0.000159905292 1.000000000000 -0.018814086914
        0.000000000000 0.000000000000 0.000000000000 1.000000000000
