
ans =

        7926


p_sum =

       -18391        59172   1.0909e+05


p_mean =

      -2.3204       7.4656       13.763


n1 =

      0.95658
      0.29146
    0.0010174


lambda1 =

      0.57247


p_mean1 =

      -2.3204       7.4656       13.763

----------------two:

p_sum =

  -1.1748e+05        68712   1.1242e+05


p_mean =

      -14.401       8.4227        13.78


n2 =

      0.29248
     -0.95627
   0.00095718


lambda2 =

       2.4903


p_mean2 =

      -14.401       8.4227        13.78


sigma1 =

    0.0085003


sigma2 =

     0.017475


n1 =

      0.95658
      0.29146
    0.0010174


n2 =

      0.29248
     -0.95627
   0.00095718

>> 